10
60.8213,10.8634,25.5622
60.4086,11.4837,25.5457
59.8418,8.70266,27
60.6575,10.7692,25.0873
58.3384,11.0023,26.5512
59.8041,13.425,27.8232
62.5694,9.49593,27.0473
59.7037,12.3449,25.6953
60.7723,12.0098,25.7119
60.108,10.6548,23.3783
61.2997,11.7273,25.579
61.9951,11.4367,32.1885
61.6957,11.1872,26.5355
60.0412,10.3807,26.8262
61.0607,11.3692,26.4239
60.3351,11.2313,26.6651
60.5455,9.72814,26.1216
60.6167,12.8578,25.1275
63.4996,9.9899,27.0402
60.6956,12.1315,24.9917
61.6233,9.83888,25.8792
60.0002,12.2737,23.7637
60.2738,11.7542,25.5323
59.7487,11.2955,24.4945
58.1442,12.6561,25.0524
59.985,12.9981,24.9714
62.6573,11.1616,26.0805
60.4361,12.5012,26.6327
59.8288,13.199,26.1033
59.8638,11.8512,24.769
61.1452,11.7443,26.1339
59.9306,9.02632,24.4064
61.9022,11.2186,26.5807
60.2544,11.6029,24.7873
62.5076,11.5216,25.1821
59.7899,11.4738,23.8248
61.2669,11.7301,26.326
59.3373,11.7222,25.577
60.8382,10.7079,26.0214
59.8657,11.9779,24.4043
0.994048 -0.0988317 0.0458434 0.0503524 0.0436216 -0.997778 0.0966123 0.994147 0.0483381 -35.1002 -68.4053 -14.4983
0.984443 -0.173282 0.0290846 -0.174733 -0.982882 0.0583945 0.0184681 -0.0625681 -0.99787 -30.4686 4.51784 -49.2657
0.977015 -0.19775 -0.0795972 0.118164 0.191628 0.974328 -0.17742 -0.96134 0.21059 -46.6971 25.2215 27.7867
0.986071 -0.165904 -0.0117733 0.16619 0.985636 0.0300096 0.00662547 -0.031548 0.99948 -37.2178 -34.9602 50.9184
0.95817 -0.285662 -0.0175411 -0.0743517 -0.18927 -0.979106 0.276374 0.939454 -0.202592 -34.3916 -56.3419 -26.9705
0.994231 -0.097843 0.0439737 -0.100095 -0.993601 0.0523223 0.0385729 -0.056422 -0.997662 -24.5341 -2.36763 -49.8931
0.984282 -0.148907 0.0949571 -0.0803905 0.100973 0.991636 -0.15725 -0.983683 0.0874153 -34.1601 38.0773 22.03
0.991537 -0.114017 0.0620734 0.109099 0.991 0.0775643 -0.0703578 -0.0701359 0.995053 -28.8461 -28.5174 52.2419
0.983687 -0.177737 0.0277625 0.0289224 0.00393705 -0.999573 0.177552 0.98407 0.00901347 -31.5078 -67.2612 -16.1663
0.999533 0.00139607 -0.0305337 -0.00531009 -0.975834 -0.218446 -0.0301008 0.218507 -0.975371 -40.6048 -5.7889 -53.1838
0.988119 -0.150242 0.032383 -0.00492679 0.179628 0.983722 -0.153613 -0.972194 0.176753 -30.1785 33.2421 25.3367
0.999915 -0.011585 -0.00595732 0.0124414 0.984826 0.173097 0.00386161 -0.173156 0.984887 -37.7153 -8.97435 52.5133
0.987431 -0.127589 0.0932888 0.0931137 -0.00735402 -0.995629 0.127718 0.9918 0.00461879 -29.9678 -70.2032 -17.5385
0.998623 -0.0490815 0.0185466 -0.050481 -0.995137 0.0845852 0.0143049 -0.0854046 -0.996244 -37.3182 1.85298 -49.1473
0.990071 -0.131351 0.0500688 -0.0389275 0.0860601 0.995529 -0.135072 -0.987593 0.0800926 -31.4091 33.7937 21.5439
0.989037 -0.147647 0.00252038 0.147576 0.988879 0.0184359 -0.00521441 -0.0178618 0.999826 -37.2521 -30.3108 51.0527
0.998667 -0.0241513 0.0456078 0.0475224 0.0857529 -0.995182 0.020124 0.996023 0.0867865 -41.854 -70.493 -13.4801
0.993196 -0.101489 0.0571009 -0.102114 -0.99474 0.00812472 0.0559767 -0.0139006 -0.998335 -27.1056 2.98281 -49.9783
0.965316 -0.24714 0.0841831 -0.0654364 0.0831251 0.994388 -0.252751 -0.965408 0.0640693 -31.6138 40.4708 20.0694
0.97915 -0.196501 0.0515012 0.192644 0.978663 0.0714577 -0.0644433 -0.0600464 0.996113 -27.8343 -33.3671 50.9672
0.988014 -0.151388 0.0301501 0.0172447 -0.0858467 -0.996159 0.153395 0.98474 -0.0822073 -38.3183 -67.9165 -20.8415
0.994214 -0.105502 0.0202144 -0.104325 -0.993162 -0.0523942 0.025604 0.0499821 -0.998421 -29.6121 2.36354 -51.6673
0.997431 -0.0690905 -0.0189174 0.0180827 -0.012689 0.999756 -0.0693137 -0.99753 -0.011407 -32.3677 34.0498 16.517
0.986527 -0.138369 0.0872853 0.131834 0.988301 0.0766816 -0.0968741 -0.0641414 0.993227 -29.8295 -32.4319 51.6263
0.995494 -0.0898789 -0.0302245 -0.0472736 -0.194099 -0.979843 0.0822006 0.976856 -0.197472 -31.2427 -56.9387 -26.6894
0.989978 -0.121589 0.0718326 -0.125194 -0.990971 0.0480083 0.0653468 -0.0565202 -0.996261 -23.8919 5.12109 -49.8137
0.992416 -0.119642 0.0282436 -0.0218369 0.0545265 0.998273 -0.120975 -0.991319 0.0515004 -33.034 37.9665 19.7952
0.977461 -0.195223 0.0803548 0.17286 0.958612 0.226236 -0.121195 -0.207247 0.970752 -25.0507 -17.9717 52.6557
0.993095 -0.109743 0.0414608 0.023866 -0.157032 -0.987306 0.11486 0.981478 -0.153329 -24.3341 -60.6283 -25.171
0.99248 -0.0901524 0.0827962 -0.0894115 -0.995915 -0.0126218 0.083596 0.00512399 -0.996487 -27.0308 1.9814 -50.8841
0.97776 -0.205306 0.0428385 -0.0233556 0.0963959 0.995069 -0.208423 -0.973939 0.0894563 -27.3701 34.5009 21.2624
0.982135 -0.145948 0.118787 0.165099 0.971206 -0.171766 -0.090297 0.188309 0.97795 -35.1772 -44.7334 46.3456
0.994992 -0.0697621 0.0715749 0.0657548 -0.0824215 -0.994425 0.0752726 0.994153 -0.0774218 -31.3623 -68.316 -21.8748
0.994841 -0.0744134 0.0689585 -0.0799787 -0.993434 0.0818094 0.0624178 -0.0869018 -0.99426 -29.665 6.21928 -48.8883
0.987604 -0.14632 0.0568202 -0.0691228 -0.0804176 0.994361 -0.140926 -0.985963 -0.0895347 -29.6663 39.1882 11.9405
0.99063 -0.104738 0.0876543 0.10296 0.994382 0.0245835 -0.0897369 -0.0153283 0.995847 -29.6149 -35.4662 51.0722
0.978228 -0.165449 0.125283 0.109237 -0.102796 -0.988686 0.176456 0.980846 -0.082485 -24.5461 -69.1125 -21.243
0.984796 -0.0569413 0.164116 -0.0810204 -0.986258 0.143983 0.153663 -0.15509 -0.975876 -22.9262 6.95463 -47.3667
0.996392 -0.0706352 -0.0470754 0.0558433 0.127791 0.990227 -0.0639292 -0.989283 0.131274 -39.4174 31.9463 24.0102
0.991495 -0.0718111 0.108547 0.0936369 0.972837 -0.211704 -0.0903957 0.220068 0.971287 -27.4085 -47.2503 45.8572
-0.00658906 -0.999772 0.0203241 -0.00441919 0.0203534 0.999783 -0.999969 0.00649781 -0.00455229 -17.2376 -7.90534 -110.974
59.8985,15.1997,25.008