10
61.7094,17.8756,25.9401
60.8803,17.5638,23.6922
60.9568,17.5936,25.2533
60.4975,17.7713,25.2325
60.9822,17.3499,24.7627
60.7668,17.4235,25.2976
60.3599,17.6492,24.5445
60.7265,17.8532,25.3309
60.414,17.7547,24.6432
60.5005,17.1161,24.7913
60.4568,17.26,25.2602
60.8664,17.7607,24.8817
59.9003,17.7977,24.5025
60.9667,17.2537,24.6204
60.7018,17.4747,24.7175
59.7227,17.6325,24.6397
60.0167,17.7886,25.8402
60.2758,17.5677,24.6084
60.1637,17.4478,24.8021
60.4553,17.7949,24.7257
60.1143,17.6654,25.8407
60.5621,17.4171,24.4707
60.6464,17.4933,25.4479
60.5221,17.3252,24.3787
59.8847,17.6705,25.4847
60.1727,17.3913,24.7837
60.23,16.9103,24.9853
60.3453,17.8494,25.2129
60.4549,17.267,25.6476
60.639,17.1769,25.0966
60.5154,16.8972,25.0811
60.0535,17.3924,24.9377
60.4755,17.7358,25.8081
60.3003,17.3994,25.4344
61.5802,17.1898,25.8795
60.3936,17.5953,25.3778
59.8986,17.554,25.2872
60.5379,17.3215,24.9817
60.5951,17.3513,25.8315
60.4518,17.1138,24.5947
0.990973 -0.126025 0.045722 0.0408232 -0.041186 -0.998317 0.127696 0.991172 -0.0356695 -30.6034 -76.153 -19.5273
0.985981 -0.165365 -0.0222846 -0.164674 -0.985894 0.0299089 -0.0269161 -0.0258204 -0.999304 -40.5388 8.12522 -49.6897
0.985267 -0.170513 -0.0132173 0.0292664 0.091956 0.995333 -0.168501 -0.981055 0.0955922 -31.9278 32.8746 21.7585
0.993094 -0.115108 0.0226762 0.0123349 -0.0897696 -0.995887 0.11667 0.989289 -0.0877303 -29.6395 -64.4943 -21.1637
0.996561 -0.0811214 -0.0168901 -0.0819087 -0.995241 -0.0527928 -0.0125271 0.0539943 -0.998463 -31.5795 2.27086 -50.8714
0.987061 -0.157492 -0.0301155 0.0323947 0.0119241 0.999404 -0.15704 -0.987448 0.0168717 -33.4064 32.8797 17.9516
0.963837 -0.262179 -0.0477606 0.0811185 0.11792 0.989704 -0.253847 -0.957788 0.134923 -35.1335 28.3996 22.9445
0.981686 -0.186358 -0.039545 0.189658 0.975597 0.110629 0.0179635 -0.116103 0.993075 -30.9692 -25.9294 51.9127
0.993625 -0.0930014 0.0637285 0.0451866 -0.189359 -0.980867 0.10329 0.977494 -0.18395 -34.8109 -67.7062 -25.3484
0.991623 -0.129162 0.00105407 -0.129001 -0.989907 0.0586846 -0.00653641 -0.0583297 -0.998276 -29.8762 6.82104 -49.5069
0.982918 -0.174976 -0.0570408 0.0560415 -0.0106506 0.998372 -0.175299 -0.984515 -0.00066279 -33.9746 33.3337 16.9778
0.986795 -0.161174 0.0161365 0.161755 0.985767 -0.0458258 -0.008521 0.0478317 0.998819 -29.827 -37.6079 49.3304
0.986793 -0.15071 -0.0593937 -0.0748025 -0.0987207 -0.9923 0.143687 0.983637 -0.10869 -41.9781 -62.4877 -21.774
0.995962 -0.0880456 0.0175715 -0.0882612 -0.996026 0.011904 0.0164537 -0.0134058 -0.999775 -30.4569 2.65003 -49.746
0.989927 -0.133889 -0.0460329 0.0514234 0.0370833 0.997988 -0.131913 -0.990302 0.0435945 -29.0669 34.8305 18.6498
0.987843 -0.154821 -0.0140417 0.155279 0.986991 0.0416745 0.00740704 -0.0433483 0.999033 -36.5896 -36.0108 51.957
0.992803 -0.11589 -0.030181 -0.036095 -0.0492767 -0.998133 0.114186 0.992039 -0.0531053 -35.0114 -60.6189 -20.2597
0.987923 -0.151339 -0.0332282 -0.146323 -0.981785 0.121193 -0.0509643 -0.114868 -0.992072 -31.5005 9.67357 -48.3631
0.995091 -0.0582846 -0.0799753 0.0786668 -0.0244125 0.996601 -0.060039 -0.998002 -0.0197077 -44.117 28.298 15.5191
0.984095 -0.176512 -0.0199799 0.177159 0.983473 0.0373547 0.0130562 -0.0402996 0.999103 -39.1019 -33.5601 51.0203
0.997388 0.070906 0.0137915 0.0194994 -0.0804463 -0.996568 -0.0695535 0.994234 -0.0816187 -30.1613 -65.6422 -21.349
0.998184 -0.022198 0.0559847 -0.0291059 -0.991633 0.125764 0.0527241 -0.127166 -0.990479 -38.0115 6.57151 -48.0879
0.997792 -0.0593083 0.0299234 -0.0246877 0.0871276 0.995891 -0.0616717 -0.994429 0.0854707 -35.4786 31.1435 21.445
0.97982 -0.189053 0.0649111 0.191903 0.980563 -0.0408661 -0.0559233 0.052498 0.997054 -29.5523 -35.9767 49.6711
0.999907 -0.0133155 0.0029046 0.000624744 -0.168118 -0.985766 0.0136144 0.985676 -0.168095 -34.8518 -59.9891 -25.5863
0.989816 -0.135273 0.044343 -0.141707 -0.965985 0.216316 0.0135732 -0.220397 -0.975315 -35.989 15.7235 -46.0497
0.985286 -0.170725 -0.00803711 0.0221798 0.0810947 0.996459 -0.169469 -0.981976 0.0836881 -32.7309 28.7694 20.8878
0.996433 -0.0450908 0.071343 0.0342033 0.988534 0.147072 -0.0771561 -0.144107 0.986549 -30.8172 -25.8037 52.6669
0.994895 -0.0904853 0.044685 0.0330856 -0.125858 -0.991497 0.0953398 0.987913 -0.122223 -32.4858 -60.57 -23.4631
0.998091 0.0346158 0.0511576 0.0355481 -0.999216 -0.0174282 0.0505141 0.0192135 -0.998538 -30.1319 2.42146 -50.7661
0.997137 -0.0756076 -0.00066462 0.0105772 0.130782 0.991355 -0.0748671 -0.988525 0.131207 -35.2773 26.8063 23.2901
0.996508 -0.0541994 0.0634975 0.0613461 0.99128 -0.11662 -0.0566234 0.120109 0.991144 -31.7011 -44.0435 48.681
0.998304 0.00668322 0.0578239 0.0578133 -0.229368 -0.971622 0.0067693 0.973317 -0.229366 -34.625 -60.3099 -28.5682
0.998182 0.051676 0.0310189 0.0509918 -0.998446 0.0224555 0.0321312 -0.020833 -0.999266 -32.7532 0.464456 -50.4784
0.997606 -0.0398151 0.0565471 -0.0492863 0.164263 0.985184 -0.0485136 -0.985613 0.161907 -30.4878 34.8081 25.3718
0.997689 -0.0679402 -5.01807e-005 0.0669051 0.982618 -0.173165 0.0118143 0.172761 0.984893 -34.7057 -43.7643 46.9426
0.996379 -0.0724042 -0.0445699 -0.0549213 -0.147934 -0.987471 0.0649035 0.986343 -0.151376 -39.7982 -61.6882 -24.5675
0.995284 0.00416821 0.0969152 0.00141563 -0.999594 0.0284526 0.0969944 -0.0281813 -0.994886 -28.7614 5.24168 -50.0115
0.995514 -0.0858976 0.0396759 -0.0423762 -0.0298429 0.998656 -0.0845982 -0.995857 -0.033349 -32.8507 37.9592 15.8858
0.99418 -0.0827181 0.0690162 0.0890664 0.99152 -0.0946332 -0.0606034 0.10023 0.993117 -26.3939 -41.7877 48.7547
-0.00658906 -0.999772 0.0203241 -0.00441919 0.0203534 0.999783 -0.999969 0.00649781 -0.00455229 -17.2376 -7.90534 -110.974
59.8985,15.1997,25.008