10
61.3129,15.0082,25.6944
59.7798,14.0378,25.4388
62.0901,14.7528,26.0732
60.3531,15.5687,25.5714
60.9976,14.0385,25.588
60.5418,14.9865,25.078
61.1319,14.0266,26.384
59.8674,14.4975,26.2491
61.6216,15.2713,25.824
59.6606,15.5448,26.2664
59.7599,14.495,26.1333
60.0155,15.2983,24.4696
62.4531,13.972,24.9551
61.1253,14.1867,23.6151
61.8558,14.1222,24.9879
60.5623,14.0264,25.0196
58.2562,15.0535,25.1397
60.0735,15.3415,25.1111
61.5273,14.7306,25.4913
60.4396,14.6638,23.66
60.714,15.504,25.9435
60.0332,14.79,25.4925
61.3521,15.2192,25.284
59.8121,14.8045,25.3068
60.3259,15.0468,25.5069
59.9797,14.7914,23.3028
60.4084,14.8661,25.9239
60.6129,15.1544,24.2825
60.1269,15.4514,25.5646
60.4803,14.6751,24.0004
59.6762,14.8309,25.2241
60.3193,14.9691,24.4202
59.8737,14.9567,25.7409
60.6901,14.5031,22.8932
59.9547,15.5044,25.0307
60.1223,14.8362,24.5109
59.6347,14.6664,24.9129
60.4368,14.6315,24.4288
60.5212,14.4302,25.6136
60.5883,14.7338,22.3693
0.979948 -0.172279 0.100114 0.133879 0.197152 -0.971189 0.147577 0.965117 0.216263 -26.4899 -73.2983 -5.95669
0.995832 -0.0201036 0.0889626 -0.00689071 -0.989202 -0.146404 0.0909456 0.145181 -0.985216 -35.3618 -9.79331 -52.9562
0.973766 -0.211528 0.0838779 -0.0589984 0.121314 0.990859 -0.219771 -0.969814 0.105652 -27.7991 37.602 22.099
0.984589 -0.162855 0.063742 0.158377 0.984898 0.0699453 -0.0741704 -0.0587722 0.995513 -27.2299 -27.8593 51.5307
0.991851 -0.102894 0.0751279 0.0655409 -0.0935855 -0.993451 0.109251 0.99028 -0.0860791 -34.7539 -70.4484 -21.4135
0.988771 -0.142862 0.04385 -0.144189 -0.989133 0.0287518 0.0392659 -0.0347517 -0.998625 -28.9728 3.18263 -49.8941
0.993183 -0.116361 -0.00684576 0.00518145 -0.0146002 0.999881 -0.116447 -0.993099 -0.0138978 -40.9338 37.1685 17.0802
0.987995 -0.0936796 0.12284 0.0957689 0.995341 -0.0112028 -0.121218 0.0228326 0.992363 -33.9137 -30.6173 50.3217
0.994172 -0.0794329 0.0728783 0.0681914 -0.0602076 -0.995854 0.0834914 0.99502 -0.0544404 -30.8072 -69.8857 -20.1491
0.994753 -0.102083 0.00671071 -0.102302 -0.992249 0.070546 -0.000542829 -0.0708626 -0.997486 -26.5291 0.0436039 -50.0075
0.979332 -0.200536 0.0263481 -0.057605 -0.151671 0.986751 -0.193882 -0.967875 -0.160088 -35.224 33.5948 8.94911
0.985804 -0.163942 0.0362343 0.159382 0.981607 0.105092 -0.0527968 -0.0978244 0.993802 -28.9449 -31.4802 52.3344
0.992526 -0.121416 0.0122072 0.00387216 -0.0686495 -0.997633 0.121966 0.990225 -0.0676667 -39.8941 -73.0305 -19.6954
0.989824 -0.13888 -0.0309884 -0.134657 -0.984603 0.111464 -0.0459914 -0.106158 -0.993286 -37.1879 12.6964 -48.0021
0.996041 -0.0868793 -0.0188033 0.0142921 -0.052258 0.998531 -0.0877344 -0.994847 -0.0508096 -40.0142 37.6732 14.2381
0.990686 -0.119443 0.0653817 0.120698 0.992567 -0.0155901 -0.0630335 0.0233367 0.997738 -38.5739 -34.7698 49.8239
0.997983 -0.0561606 -0.0296103 -0.0361324 -0.118925 -0.992246 0.0522036 0.991314 -0.120713 -34.5181 -55.4813 -23.0551
0.99831 0.0129389 0.0566734 0.00733536 -0.99516 0.0979888 0.0576664 -0.0974072 -0.993573 -27.6334 7.23945 -49.0348
0.991464 -0.0990377 0.0848083 -0.0810329 0.041547 0.995845 -0.10215 -0.994216 0.0331671 -27.2036 36.035 18.7194
0.989177 -0.120809 0.0832759 0.135723 0.969006 -0.206413 -0.0557594 0.215481 0.974914 -27.5736 -50.5517 45.9983
0.992236 -0.096217 0.0788024 0.0539319 -0.238061 -0.969751 0.112066 0.966472 -0.231023 -26.9211 -62.4747 -28.5966
0.996249 -0.00987423 0.0859706 -0.0201887 -0.992575 0.119949 0.0841475 -0.121235 -0.989051 -27.7708 5.42059 -48.3571
0.993492 -0.0878813 0.0724659 -0.0747519 -0.0230014 0.996937 -0.0859454 -0.995865 -0.029421 -26.3079 36.577 15.4971
0.995562 -0.0686684 0.0643514 0.065368 0.996501 0.0520622 -0.067701 -0.0476247 0.996568 -31.7292 -29.4471 51.8613
0.991021 -0.106421 0.0809304 0.0767529 -0.042795 -0.996131 0.109473 0.9934 -0.0342428 -28.1672 -65.7149 -18.8284
0.98723 -0.145673 0.0644712 -0.148394 -0.988134 0.0396251 0.0579339 -0.0486863 -0.997133 -25.8603 10.7412 -50.1679
0.993096 -0.11726 0.00305178 0.0124942 0.131614 0.991223 -0.116632 -0.984342 0.13217 -31.847 30.6445 24.028
0.990093 -0.140307 -0.00540094 0.140396 0.989811 0.0237506 0.00201345 -0.0242735 0.999703 -32.7468 -36.5812 51.0298
0.996985 -0.073786 0.0239827 0.0162954 -0.103074 -0.99454 0.0758551 0.991933 -0.101562 -28.8376 -62.6861 -22.3287
0.990986 -0.133706 0.00824722 -0.133852 -0.985846 0.100952 -0.00536745 -0.101146 -0.994857 -31.3888 10.3845 -48.8297
0.988887 -0.141669 -0.0450882 0.0397237 -0.0404716 0.998391 -0.143266 -0.989087 -0.0343943 -33.997 30.5252 15.0538
0.98599 -0.166741 0.00463229 0.166778 0.98495 -0.0453777 0.00300382 0.0455145 0.998959 -31.8572 -38.489 49.9619
0.981137 -0.185717 0.0536638 0.0367984 -0.093099 -0.994977 0.189781 0.978182 -0.0845086 -27.8058 -62.4526 -21.4035
0.9925 -0.119604 0.0252375 -0.122097 -0.979915 0.157671 0.00587243 -0.15957 -0.987169 -32.1622 18.7451 -47.3904
0.993382 -0.103945 -0.0488507 0.0528517 0.0360907 0.997951 -0.101969 -0.993928 0.0413447 -29.6714 33.6683 18.766
0.996346 -0.0684468 0.0510794 0.0665157 0.997039 0.0385961 -0.0535698 -0.035057 0.997948 -32.1457 -34.3566 51.3708
0.991073 -0.118215 0.0616443 0.0415567 -0.165423 -0.985347 0.12668 0.979112 -0.159034 -30.5266 -62.0746 -24.4
0.992807 -0.119218 -0.010992 -0.11843 -0.991391 0.0558401 -0.0175546 -0.0541372 -0.998379 -31.2481 7.84038 -49.7794
0.985794 -0.166391 0.022913 0.00711648 0.177674 0.984063 -0.167811 -0.96992 0.176334 -30.1618 28.4331 25.6322
0.993617 -0.0703368 0.0881809 0.0783121 0.992812 -0.0905055 -0.0811817 0.0968336 0.991984 -30.7335 -49.7661 48.6464
-0.00658906 -0.999772 0.0203241 -0.00441919 0.0203534 0.999783 -0.999969 0.00649781 -0.00455229 -17.2376 -7.90534 -110.974
59.8985,15.1997,25.008